1 0.7259615384615384 0.1346153846153847 0.6634615384615384 0.1346153846153847 0.6634615384615384 0.2860576923076924 0.7259615384615384 0.2860576923076924
1 0.43509615384615385 0.0649038461538462 0.35336538461538464 0.0649038461538462 0.35336538461538464 0.2283653846153847 0.43509615384615385 0.2283653846153847
0 0.9471153846153846 0.2692307692307694 0.8822115384615384 0.2692307692307694 0.8822115384615384 0.35817307692307704 0.9471153846153846 0.35817307692307704
0 0.7403846153846154 0.19951923076923084 0.6658653846153846 0.19951923076923084 0.6658653846153846 0.3629807692307694 0.7403846153846154 0.3629807692307694
0 0.19471153846153846 0.09855769230769232 0.13221153846153846 0.0985576923076923 0.1322115384615385 0.22115384615384615 0.19471153846153846 0.22115384615384615
0 0.16826923076923078 0.09134615384615387 0.10336538461538461 0.09134615384615384 0.10336538461538464 0.2283653846153846 0.16826923076923078 0.2283653846153846
0 0.49278846153846156 0.19230769230769237 0.4206730769230769 0.19230769230769237 0.4206730769230769 0.34375 0.49278846153846156 0.34375
0 0.5576923076923077 0.2379807692307693 0.49759615384615385 0.2379807692307693 0.49759615384615385 0.3605769230769231 0.5576923076923077 0.3605769230769231
0 0.28125000000000006 0.17067307692307696 0.18509615384615385 0.17067307692307693 0.18509615384615388 0.28605769230769235 0.28125000000000006 0.2860576923076924
0 0.5288461538461539 0.19951923076923084 0.44711538461538464 0.19951923076923084 0.44711538461538464 0.3870192307692308 0.5288461538461539 0.3870192307692308
1 0.7403846153846154 0.44711538461538475 0.5793269230769231 0.44711538461538475 0.5793269230769231 0.7884615384615384 0.7403846153846154 0.7884615384615384
1 0.6778846153846154 0.5048076923076924 0.4855769230769231 0.5048076923076923 0.48557692307692313 0.8004807692307693 0.6778846153846154 0.8004807692307693