1 0.5865384615384616 0.0817307692307693 0.5336538461538461 0.0817307692307693 0.5336538461538461 0.23317307692307698 0.5865384615384616 0.23317307692307698
1 0.295673076923077 0.13942307692307696 0.22355769230769232 0.13942307692307696 0.22355769230769235 0.3028846153846154 0.295673076923077 0.3028846153846155
0 0.8341346153846154 0.11778846153846165 0.7740384615384616 0.11778846153846165 0.7740384615384616 0.20432692307692316 0.8341346153846154 0.20432692307692316
0 0.6274038461538461 0.1346153846153847 0.5649038461538461 0.1346153846153847 0.5649038461538461 0.29807692307692313 0.6274038461538461 0.29807692307692313
0 0.08173076923076926 0.2644230769230769 0.02884615384615388 0.2644230769230769 0.02884615384615389 0.3870192307692308 0.08173076923076926 0.3870192307692308
0 0.05528846153846158 0.2668269230769231 3.267687372724909e-17 0.2668269230769231 4.121407497130516e-17 0.40625 0.05528846153846159 0.40625
0 0.39663461538461536 0.23076923076923084 0.33413461538461536 0.23076923076923084 0.33413461538461536 0.3798076923076923 0.39663461538461536 0.3798076923076923
0 0.46875 0.24519230769230776 0.41586538461538464 0.24519230769230776 0.41586538461538464 0.36778846153846156 0.46875 0.36778846153846156
0 0.19230769230769237 0.30288461538461536 0.10096153846153849 0.30288461538461536 0.10096153846153849 0.41586538461538464 0.19230769230769237 0.41586538461538464
0 0.43990384615384615 0.22115384615384623 0.3701923076923077 0.22115384615384623 0.3701923076923077 0.40865384615384615 0.43990384615384615 0.40865384615384615
1 0.7620192307692307 0.37259615384615397 0.6225961538461539 0.37259615384615397 0.6225961538461539 0.7115384615384616 0.7620192307692307 0.7115384615384616
1 0.7235576923076923 0.4615384615384616 0.5480769230769231 0.46153846153846156 0.5480769230769231 0.7524038461538461 0.7235576923076923 0.7524038461538461