1 0.6802884615384616 0.1129807692307693 0.6346153846153846 0.1129807692307693 0.6346153846153846 0.264423076923077 0.6802884615384616 0.264423076923077
1 0.38221153846153844 0.08173076923076926 0.31971153846153844 0.08173076923076926 0.31971153846153844 0.24278846153846162 0.38221153846153844 0.24278846153846162
0 0.9158653846153846 0.22355769230769246 0.8605769230769231 0.22355769230769246 0.8605769230769231 0.3076923076923078 0.9158653846153846 0.3076923076923078
0 0.7043269230769231 0.1754807692307693 0.6490384615384616 0.1754807692307693 0.6490384615384616 0.3365384615384617 0.7043269230769231 0.3365384615384617
0 0.14903846153846156 0.1418269230769231 0.10096153846153849 0.14182692307692307 0.10096153846153849 0.2644230769230769 0.14903846153846156 0.2644230769230769
0 0.12019230769230771 0.13942307692307693 0.06971153846153848 0.13942307692307693 0.06971153846153849 0.27403846153846156 0.12019230769230772 0.27403846153846156
0 0.4543269230769231 0.19951923076923084 0.39903846153846156 0.19951923076923084 0.39903846153846156 0.3485576923076923 0.4543269230769231 0.3485576923076923
0 0.5264423076923077 0.23557692307692316 0.4807692307692308 0.23557692307692316 0.4807692307692308 0.3581730769230769 0.5264423076923077 0.3581730769230769
0 0.24519230769230774 0.2091346153846154 0.15865384615384615 0.2091346153846154 0.1586538461538462 0.3173076923076923 0.24519230769230776 0.3173076923076923
0 0.49278846153846156 0.20432692307692316 0.4326923076923077 0.20432692307692316 0.4326923076923077 0.3894230769230769 0.49278846153846156 0.3894230769230769
1 0.7331730769230769 0.42788461538461553 0.6105769230769231 0.42788461538461553 0.6105769230769231 0.7668269230769231 0.7331730769230769 0.7668269230769231
1 0.6802884615384616 0.5000000000000001 0.5168269230769231 0.5 0.5168269230769231 0.7860576923076923 0.6802884615384616 0.7860576923076923